    unsorted:	 0.004935029967 5.419783575 2.570927333 3.181832160 1.420142122 7.000952263 9.030838577 0.5073221430 13.24604141 19.26611250 22.49028369 31.48748242 34.53976396 39.20708024 43.78912850 76.01367289 90.05183614 133.6543420 176.1415415 277.3031345 432.8759884 536.5044834 680.2701616 755.9466691 937.0861765 1027.083245 1084.105261 1536.981656 1357.626026 1625.663353 1696.376519 1722.472641 2028.102194 2002.716679 2182.106203 2247.708562 2343.696128 2574.876213 2817.684115 2977.131708 3152.231275 3352.147591 3521.655519 3715.773017 4530.947942 5248.295776 5720.913511 6782.674725 7488.010380 8424.999078 12970.02658 22525.01714 23839.26972 27153.16092 36079.64646 34903.04868 38355.58048 70039.63816 11283531.05
      sorted:	 0.004935029967 0.5073221430 1.420142122 2.570927333 3.181832160 5.419783575 7.000952263 9.030838577 13.24604141 19.26611250 22.49028369 31.48748242 34.53976396 39.20708024 43.78912850 76.01367289 90.05183614 133.6543420 176.1415415 277.3031345 432.8759884 536.5044834 680.2701616 755.9466691 937.0861765 1027.083245 1084.105261 1357.626026 1536.981656 1625.663353 1696.376519 1722.472641 2002.716679 2028.102194 2182.106203 2247.708562 2343.696128 2574.876213 2817.684115 2977.131708 3152.231275 3352.147591 3521.655519 3715.773017 4530.947942 5248.295776 5720.913511 6782.674725 7488.010380 8424.999078 12970.02658 22525.01714 23839.26972 27153.16092 34903.04868 36079.64646 38355.58048 70039.63816 11283531.05
