    unsorted:	 1588.485110 1662.977370 1628.456661 1725.530097 1533.049522 1780.946975 1833.011696 1349.171578 1266.941645 1247.477190 1168.303999 1164.324092 1029.451347 922.2608144 865.0784915 761.7061268 2013.507861 2043.214243 686.6246429 616.0672759 516.8711498 405.7549602 2193.318953 146.6963591 3.919092798 23.25708526 30.86914490 86.52248823 2732.502270 2696.162269 3107.526303 3322.114920 3667.038393 4419.502868 4536.073643 5159.463512 8070.637804 13184.25065 15276.34905 19918.55182 36063.49904 3188555.800
      sorted:	 3.919092798 23.25708526 30.86914490 86.52248823 146.6963591 405.7549602 516.8711498 616.0672759 686.6246429 761.7061268 865.0784915 922.2608144 1029.451347 1164.324092 1168.303999 1247.477190 1266.941645 1349.171578 1533.049522 1588.485110 1628.456661 1662.977370 1725.530097 1780.946975 1833.011696 2013.507861 2043.214243 2193.318953 2696.162269 2732.502270 3107.526303 3322.114920 3667.038393 4419.502868 4536.073643 5159.463512 8070.637804 13184.25065 15276.34905 19918.55182 36063.49904 3188555.800
