    unsorted:	 0.004935029964 5.459858615 5.790391148 2.611594167 3.106299037 1.493486385 9.338785242 0.5819702061 13.34760422 19.25047530 27.26857648 31.00410816 38.18196325 39.83849642 51.54633643 75.33567418 125.7133578 163.4181154 307.4895896 372.4493280 507.7670439 652.6348904 728.5283155 926.8845984 997.1857360 1525.719000 1454.421569 1643.210842 1698.470434 1822.939813 1955.873656 2008.755600 2172.398999 2238.784768 2315.602432 2767.112426 2925.407831 3065.361769 3338.504518 3478.883604 3650.197067 3878.936796 4668.868217 5789.462977 6821.990221 7768.718424 9039.917800 14482.19196 18491.43829 22647.67022 27559.50863 27972.37514 35797.48831 38315.33145 50206.61545 112350.6812 16140209.44
      sorted:	 0.004935029964 0.5819702061 1.493486385 2.611594167 3.106299037 5.459858615 5.790391148 9.338785242 13.34760422 19.25047530 27.26857648 31.00410816 38.18196325 39.83849642 51.54633643 75.33567418 125.7133578 163.4181154 307.4895896 372.4493280 507.7670439 652.6348904 728.5283155 926.8845984 997.1857360 1454.421569 1525.719000 1643.210842 1698.470434 1822.939813 1955.873656 2008.755600 2172.398999 2238.784768 2315.602432 2767.112426 2925.407831 3065.361769 3338.504518 3478.883604 3650.197067 3878.936796 4668.868217 5789.462977 6821.990221 7768.718424 9039.917800 14482.19196 18491.43829 22647.67022 27559.50863 27972.37514 35797.48831 38315.33145 50206.61545 112350.6812 16140209.44
