    unsorted:	 0.004935029963 4.491876083 0.9262575403 0.5657251875 2.157250595 3.295023628 0.3878016670 7.760356927 15.07513175 18.75444682 20.41581997 22.71056836 27.41711643 43.70778245 83.93801238 102.7539049 122.4117758 144.6902510 336.8600524 284.2640765 410.7526248 384.4479075 483.3864343 606.5557309 590.5194140 674.2972450 718.0513011 741.0962494 765.8022757 930.4728704 1049.110127 1132.558000 1182.214757 1212.119279 1383.633471 1484.297684 1634.049107 1814.462850 2145.182659 2246.153503 2556.033387 2659.729480 2959.001484 3444.175723 3723.261860 4888.439824 5178.919656 6541.847967 7296.552038 10364.10034 14768.41454 22037.27876 23297.44644 27469.03532 36015.22398 36973.65848 63729.50237 82800.41267 12470719.86
      sorted:	 0.004935029963 0.3878016670 0.5657251875 0.9262575403 2.157250595 3.295023628 4.491876083 7.760356927 15.07513175 18.75444682 20.41581997 22.71056836 27.41711643 43.70778245 83.93801238 102.7539049 122.4117758 144.6902510 284.2640765 336.8600524 384.4479075 410.7526248 483.3864343 590.5194140 606.5557309 674.2972450 718.0513011 741.0962494 765.8022757 930.4728704 1049.110127 1132.558000 1182.214757 1212.119279 1383.633471 1484.297684 1634.049107 1814.462850 2145.182659 2246.153503 2556.033387 2659.729480 2959.001484 3444.175723 3723.261860 4888.439824 5178.919656 6541.847967 7296.552038 10364.10034 14768.41454 22037.27876 23297.44644 27469.03532 36015.22398 36973.65848 63729.50237 82800.41267 12470719.86
